0.0	0.0	0.0	-2.5	1.0
0.0	2.5	0.0	-2.5	1.0
0.0	5.0	0.0	-2.5	1.0
0.0	7.5	0.0	-2.5	1.0
0.0	10.0	0.0	-2.5	1.0
0.0	12.5	0.0	-2.5	1.0
0.0	15.0	0.0	-2.5	1.0
0.0	17.5	0.0	-2.5	1.0
0.0	20.0	0.0	-2.5	1.0
0.0	22.5	0.0	-2.5	1.0
0.0	25.0	0.0	-2.5	1.0
0.0	27.5	0.0	-2.5	1.0
0.0	30.0	0.0	-2.5	1.0
0.0	32.5	0.0	-2.5	1.0
0.0	35.0	0.0	-2.5	1.0
0.0	37.5	0.0	-2.5	1.0
0.0	40.0	0.0	-2.5	1.0
0.0	42.5	0.0	-2.5	1.0
0.0	45.0	0.0	-2.5	1.0
0.0	47.5	0.0	-2.5	1.0
0.0	50.0	0.0	-2.5	1.0
0.0	52.5	0.0	-2.5	1.0
0.0	55.0	0.0	-2.5	1.0
0.0	57.5	0.0	-2.5	1.0
0.0	60.0	0.0	-2.5	1.0
0.0	62.5	0.0	-2.5	1.0
0.0	65.0	0.0	-2.5	1.0
0.0	67.5	0.0	-2.5	1.0
0.0	70.0	0.0	-2.5	1.0
0.0	72.5	0.0	-2.5	1.0
0.0	75.0	0.0	-2.5	1.0
0.0	77.5	0.0	-2.5	1.0
0.0	80.0	0.0	-2.5	1.0
0.0	82.5	0.0	-2.5	1.0
0.0	85.0	0.0	-2.5	1.0
0.0	87.5	0.0	-2.5	1.0
0.0	90.0	0.0	-2.5	1.0
0.0	92.5	0.0	-2.5	1.0
0.0	95.0	0.0	-2.5	1.0
0.0	97.5	0.0	-2.5	1.0
0.0	100.0	0.0	-2.5	1.0
0.025	0.0	0.0	-2.5	1.0
0.025	2.5	0.0	-2.5	1.0
0.025	5.0	0.0	-2.5	1.0
0.025	7.5	0.0	-2.5	1.0
0.025	10.0	0.0	-2.5	1.0
0.025	12.5	0.0	-2.5	1.0
0.025	15.0	0.0	-2.5	1.0
0.025	17.5	0.0	-2.5	1.0
0.025	20.0	0.0	-2.5	1.0
0.025	22.5	0.0	-2.5	1.0
0.025	25.0	0.0	-2.5	1.0
0.025	27.5	0.0	-2.5	1.0
0.025	30.0	0.0	-2.5	1.0
0.025	32.5	0.0	-2.5	1.0
0.025	35.0	0.0	-2.5	1.0
0.025	37.5	0.0	-2.5	1.0
0.025	40.0	0.0	-2.5	1.0
0.025	42.5	0.0	-2.5	1.0
0.025	45.0	0.0	-2.5	1.0
0.025	47.5	0.0	-2.5	1.0
0.025	50.0	0.0	-2.5	1.0
0.025	52.5	0.0	-2.5	1.0
0.025	55.0	0.0	-2.5	1.0
0.025	57.5	0.0	-2.5	1.0
0.025	60.0	0.0	-2.5	1.0
0.025	62.5	0.0	-2.5	1.0
0.025	65.0	0.0	-2.5	1.0
0.025	67.5	0.0	-2.5	1.0
0.025	70.0	0.0	-2.5	1.0
0.025	72.5	0.0	-2.5	1.0
0.025	75.0	0.0	-2.5	1.0
0.025	77.5	0.0	-2.5	1.0
0.025	80.0	0.0	-2.5	1.0
0.025	82.5	0.0	-2.5	1.0
0.025	85.0	0.0	-2.5	1.0
0.025	87.5	0.0	-2.5	1.0
0.025	90.0	0.0	-2.5	1.0
0.025	92.5	0.0	-2.5	1.0
0.025	95.0	0.0	-2.5	1.0
0.025	97.5	0.0	-2.5	1.0
0.025	100.0	0.0	-2.5	1.0
0.05	0.0	0.0	-2.5	1.0
0.05	2.5	0.0	-2.5	1.0
0.05	5.0	0.0	-2.5	1.0
0.05	7.5	0.0	-2.5	1.0
0.05	10.0	0.0	-2.5	1.0
0.05	12.5	0.0	-2.5	1.0
0.05	15.0	0.0	-2.5	1.0
0.05	17.5	0.0	-2.5	1.0
0.05	20.0	0.0	-2.5	1.0
0.05	22.5	0.0	-2.5	1.0
0.05	25.0	0.0	-2.5	1.0
0.05	27.5	0.0	-2.5	1.0
0.05	30.0	0.0	-2.5	1.0
0.05	32.5	0.0	-2.5	1.0
0.05	35.0	0.0	-2.5	1.0
0.05	37.5	0.0	-2.5	1.0
0.05	40.0	0.0	-2.5	1.0
0.05	42.5	0.0	-2.5	1.0
0.05	45.0	0.0	-2.5	1.0
0.05	47.5	0.0	-2.5	1.0
0.05	50.0	0.0	-2.5	1.0
0.05	52.5	0.0	-2.5	1.0
0.05	55.0	0.0	-2.5	1.0
0.05	57.5	0.0	-2.5	1.0
0.05	60.0	0.0	-2.5	1.0
0.05	62.5	0.0	-2.5	1.0
0.05	65.0	0.0	-2.5	1.0
0.05	67.5	0.0	-2.5	1.0
0.05	70.0	0.0	-2.5	1.0
0.05	72.5	0.0	-2.5	1.0
0.05	75.0	0.0	-2.5	1.0
0.05	77.5	0.0	-2.5	1.0
0.05	80.0	0.0	-2.5	1.0
0.05	82.5	0.0	-2.5	1.0
0.05	85.0	0.0	-2.5	1.0
0.05	87.5	0.0	-2.5	1.0
0.05	90.0	0.0	-2.5	1.0
0.05	92.5	0.0	-2.5	1.0
0.05	95.0	0.0	-2.5	1.0
0.05	97.5	0.0	-2.5	1.0
0.05	100.0	0.0	-2.5	1.0
0.07500000000000001	0.0	0.0	-2.5	1.0
0.07500000000000001	2.5	0.0	-2.5	1.0
0.07500000000000001	5.0	0.0	-2.5	1.0
0.07500000000000001	7.5	0.0	-2.5	1.0
0.07500000000000001	10.0	0.0	-2.5	1.0
0.07500000000000001	12.5	0.0	-2.5	1.0
0.07500000000000001	15.0	0.0	-2.5	1.0
0.07500000000000001	17.5	0.0	-2.5	1.0
0.07500000000000001	20.0	0.0	-2.5	1.0
0.07500000000000001	22.5	0.0	-2.5	1.0
0.07500000000000001	25.0	0.0	-2.5	1.0
0.07500000000000001	27.5	0.0	-2.5	1.0
0.07500000000000001	30.0	0.0	-2.5	1.0
0.07500000000000001	32.5	0.0	-2.5	1.0
0.07500000000000001	35.0	0.0	-2.5	1.0
0.07500000000000001	37.5	0.0	-2.5	1.0
0.07500000000000001	40.0	0.0	-2.5	1.0
0.07500000000000001	42.5	0.0	-2.5	1.0
0.07500000000000001	45.0	0.0	-2.5	1.0
0.07500000000000001	47.5	0.0	-2.5	1.0
0.07500000000000001	50.0	0.0	-2.5	1.0
0.07500000000000001	52.5	0.0	-2.5	1.0
0.07500000000000001	55.0	0.0	-2.5	1.0
0.07500000000000001	57.5	0.0	-2.5	1.0
0.07500000000000001	60.0	0.0	-2.5	1.0
0.07500000000000001	62.5	0.0	-2.5	1.0
0.07500000000000001	65.0	0.0	-2.5	1.0
0.07500000000000001	67.5	0.0	-2.5	1.0
0.07500000000000001	70.0	0.0	-2.5	1.0
0.07500000000000001	72.5	0.0	-2.5	1.0
0.07500000000000001	75.0	0.0	-2.5	1.0
0.07500000000000001	77.5	0.0	-2.5	1.0
0.07500000000000001	80.0	0.0	-2.5	1.0
0.07500000000000001	82.5	0.0	-2.5	1.0
0.07500000000000001	85.0	0.0	-2.5	1.0
0.07500000000000001	87.5	0.0	-2.5	1.0
0.07500000000000001	90.0	0.0	-2.5	1.0
0.07500000000000001	92.5	0.0	-2.5	1.0
0.07500000000000001	95.0	0.0	-2.5	1.0
0.07500000000000001	97.5	0.0	-2.5	1.0
0.07500000000000001	100.0	0.0	-2.5	1.0
0.1	0.0	0.0	-2.5	1.0
0.1	2.5	0.0	-2.5	1.0
0.1	5.0	0.0	-2.5	1.0
0.1	7.5	0.0	-2.5	1.0
0.1	10.0	0.0	-2.5	1.0
0.1	12.5	0.0	-2.5	1.0
0.1	15.0	0.0	-2.5	1.0
0.1	17.5	0.0	-2.5	1.0
0.1	20.0	0.0	-2.5	1.0
0.1	22.5	0.0	-2.5	1.0
0.1	25.0	0.0	-2.5	1.0
0.1	27.5	0.0	-2.5	1.0
0.1	30.0	0.0	-2.5	1.0
0.1	32.5	0.0	-2.5	1.0
0.1	35.0	0.0	-2.5	1.0
0.1	37.5	0.0	-2.5	1.0
0.1	40.0	0.0	-2.5	1.0
0.1	42.5	0.0	-2.5	1.0
0.1	45.0	0.0	-2.5	1.0
0.1	47.5	0.0	-2.5	1.0
0.1	50.0	0.0	-2.5	1.0
0.1	52.5	0.0	-2.5	1.0
0.1	55.0	0.0	-2.5	1.0
0.1	57.5	0.0	-2.5	1.0
0.1	60.0	0.0	-2.5	1.0
0.1	62.5	0.0	-2.5	1.0
0.1	65.0	0.0	-2.5	1.0
0.1	67.5	0.0	-2.5	1.0
0.1	70.0	0.0	-2.5	1.0
0.1	72.5	0.0	-2.5	1.0
0.1	75.0	0.0	-2.5	1.0
0.1	77.5	0.0	-2.5	1.0
0.1	80.0	0.0	-2.5	1.0
0.1	82.5	0.0	-2.5	1.0
0.1	85.0	0.0	-2.5	1.0
0.1	87.5	0.0	-2.5	1.0
0.1	90.0	0.0	-2.5	1.0
0.1	92.5	0.0	-2.5	1.0
0.1	95.0	0.0	-2.5	1.0
0.1	97.5	0.0	-2.5	1.0
0.1	100.0	0.0	-2.5	1.0
0.125	0.0	0.0	-2.5	1.0
0.125	2.5	0.0	-2.5	1.0
0.125	5.0	0.0	-2.5	1.0
0.125	7.5	0.0	-2.5	1.0
0.125	10.0	0.0	-2.5	1.0
0.125	12.5	0.0	-2.5	1.0
0.125	15.0	0.0	-2.5	1.0
0.125	17.5	0.0	-2.5	1.0
0.125	20.0	0.0	-2.5	1.0
0.125	22.5	0.0	-2.5	1.0
0.125	25.0	0.0	-2.5	1.0
0.125	27.5	0.0	-2.5	1.0
0.125	30.0	0.0	-2.5	1.0
0.125	32.5	0.0	-2.5	1.0
0.125	35.0	0.0	-2.5	1.0
0.125	37.5	0.0	-2.5	1.0
0.125	40.0	0.0	-2.5	1.0
0.125	42.5	0.0	-2.5	1.0
0.125	45.0	0.0	-2.5	1.0
0.125	47.5	0.0	-2.5	1.0
0.125	50.0	0.0	-2.5	1.0
0.125	52.5	0.0	-2.5	1.0
0.125	55.0	0.0	-2.5	1.0
0.125	57.5	0.0	-2.5	1.0
0.125	60.0	0.0	-2.5	1.0
0.125	62.5	0.0	-2.5	1.0
0.125	65.0	0.0	-2.5	1.0
0.125	67.5	0.0	-2.5	1.0
0.125	70.0	0.0	-2.5	1.0
0.125	72.5	0.0	-2.5	1.0
0.125	75.0	0.0	-2.5	1.0
0.125	77.5	0.0	-2.5	1.0
0.125	80.0	0.0	-2.5	1.0
0.125	82.5	0.0	-2.5	1.0
0.125	85.0	0.0	-2.5	1.0
0.125	87.5	0.0	-2.5	1.0
0.125	90.0	0.0	-2.5	1.0
0.125	92.5	0.0	-2.5	1.0
0.125	95.0	0.0	-2.5	1.0
0.125	97.5	0.0	-2.5	1.0
0.125	100.0	0.0	-2.5	1.0
0.15000000000000002	0.0	0.0	-2.5	1.0
0.15000000000000002	2.5	0.0	-2.5	1.0
0.15000000000000002	5.0	0.0	-2.5	1.0
0.15000000000000002	7.5	0.0	-2.5	1.0
0.15000000000000002	10.0	0.0	-2.5	1.0
0.15000000000000002	12.5	0.0	-2.5	1.0
0.15000000000000002	15.0	0.0	-2.5	1.0
0.15000000000000002	17.5	0.0	-2.5	1.0
0.15000000000000002	20.0	0.0	-2.5	1.0
0.15000000000000002	22.5	0.0	-2.5	1.0
0.15000000000000002	25.0	0.0	-2.5	1.0
0.15000000000000002	27.5	0.0	-2.5	1.0
0.15000000000000002	30.0	0.0	-2.5	1.0
0.15000000000000002	32.5	0.0	-2.5	1.0
0.15000000000000002	35.0	0.0	-2.5	1.0
0.15000000000000002	37.5	0.0	-2.5	1.0
0.15000000000000002	40.0	0.0	-2.5	1.0
0.15000000000000002	42.5	0.0	-2.5	1.0
0.15000000000000002	45.0	0.0	-2.5	1.0
0.15000000000000002	47.5	0.0	-2.5	1.0
0.15000000000000002	50.0	0.0	-2.5	1.0
0.15000000000000002	52.5	0.0	-2.5	1.0
0.15000000000000002	55.0	0.0	-2.5	1.0
0.15000000000000002	57.5	0.0	-2.5	1.0
0.15000000000000002	60.0	0.0	-2.5	1.0
0.15000000000000002	62.5	0.0	-2.5	1.0
0.15000000000000002	65.0	0.0	-2.5	1.0
0.15000000000000002	67.5	0.0	-2.5	1.0
0.15000000000000002	70.0	0.0	-2.5	1.0
0.15000000000000002	72.5	0.0	-2.5	1.0
0.15000000000000002	75.0	0.0	-2.5	1.0
0.15000000000000002	77.5	0.0	-2.5	1.0
0.15000000000000002	80.0	0.0	-2.5	1.0
0.15000000000000002	82.5	0.0	-2.5	1.0
0.15000000000000002	85.0	0.0	-2.5	1.0
0.15000000000000002	87.5	0.0	-2.5	1.0
0.15000000000000002	90.0	0.0	-2.5	1.0
0.15000000000000002	92.5	0.0	-2.5	1.0
0.15000000000000002	95.0	0.0	-2.5	1.0
0.15000000000000002	97.5	0.0	-2.5	1.0
0.15000000000000002	100.0	0.0	-2.5	1.0
0.17500000000000002	0.0	0.0	-2.5	1.0
0.17500000000000002	2.5	0.0	-2.5	1.0
0.17500000000000002	5.0	0.0	-2.5	1.0
0.17500000000000002	7.5	0.0	-2.5	1.0
0.17500000000000002	10.0	0.0	-2.5	1.0
0.17500000000000002	12.5	0.0	-2.5	1.0
0.17500000000000002	15.0	0.0	-2.5	1.0
0.17500000000000002	17.5	0.0	-2.5	1.0
0.17500000000000002	20.0	0.0	-2.5	1.0
0.17500000000000002	22.5	0.0	-2.5	1.0
0.17500000000000002	25.0	0.0	-2.5	1.0
0.17500000000000002	27.5	0.0	-2.5	1.0
0.17500000000000002	30.0	0.0	-2.5	1.0
0.17500000000000002	32.5	0.0	-2.5	1.0
0.17500000000000002	35.0	0.0	-2.5	1.0
0.17500000000000002	37.5	0.0	-2.5	1.0
0.17500000000000002	40.0	0.0	-2.5	1.0
0.17500000000000002	42.5	0.0	-2.5	1.0
0.17500000000000002	45.0	0.0	-2.5	1.0
0.17500000000000002	47.5	0.0	-2.5	1.0
0.17500000000000002	50.0	0.0	-2.5	1.0
0.17500000000000002	52.5	0.0	-2.5	1.0
0.17500000000000002	55.0	0.0	-2.5	1.0
0.17500000000000002	57.5	0.0	-2.5	1.0
0.17500000000000002	60.0	0.0	-2.5	1.0
0.17500000000000002	62.5	0.0	-2.5	1.0
0.17500000000000002	65.0	0.0	-2.5	1.0
0.17500000000000002	67.5	0.0	-2.5	1.0
0.17500000000000002	70.0	0.0	-2.5	1.0
0.17500000000000002	72.5	0.0	-2.5	1.0
0.17500000000000002	75.0	0.0	-2.5	1.0
0.17500000000000002	77.5	0.0	-2.5	1.0
0.17500000000000002	80.0	0.0	-2.5	1.0
0.17500000000000002	82.5	0.0	-2.5	1.0
0.17500000000000002	85.0	0.0	-2.5	1.0
0.17500000000000002	87.5	0.0	-2.5	1.0
0.17500000000000002	90.0	0.0	-2.5	1.0
0.17500000000000002	92.5	0.0	-2.5	1.0
0.17500000000000002	95.0	0.0	-2.5	1.0
0.17500000000000002	97.5	0.0	-2.5	1.0
0.17500000000000002	100.0	0.0	-2.5	1.0
0.2	0.0	0.0	-2.5	1.0
0.2	2.5	0.0	-2.5	1.0
0.2	5.0	0.0	-2.5	1.0
0.2	7.5	0.0	-2.5	1.0
0.2	10.0	0.0	-2.5	1.0
0.2	12.5	0.0	-2.5	0.96
0.2	15.0	0.0	-2.5	1.0
0.2	17.5	0.0	-2.5	1.0
0.2	20.0	0.0	-2.5	1.0
0.2	22.5	0.0	-2.5	1.0
0.2	25.0	0.0	-2.5	1.0
0.2	27.5	0.0	-2.5	1.0
0.2	30.0	0.0	-2.5	1.0
0.2	32.5	0.0	-2.5	1.0
0.2	35.0	0.0	-2.5	1.0
0.2	37.5	0.0	-2.5	1.0
0.2	40.0	0.0	-2.5	1.0
0.2	42.5	0.0	-2.5	1.0
0.2	45.0	0.0	-2.5	1.0
0.2	47.5	0.0	-2.5	1.0
0.2	50.0	0.0	-2.5	1.0
0.2	52.5	0.0	-2.5	1.0
0.2	55.0	0.0	-2.5	1.0
0.2	57.5	0.0	-2.5	1.0
0.2	60.0	0.0	-2.5	1.0
0.2	62.5	0.0	-2.5	1.0
0.2	65.0	0.0	-2.5	1.0
0.2	67.5	0.0	-2.5	1.0
0.2	70.0	0.0	-2.5	1.0
0.2	72.5	0.0	-2.5	1.0
0.2	75.0	0.0	-2.5	1.0
0.2	77.5	0.0	-2.5	1.0
0.2	80.0	0.0	-2.5	1.0
0.2	82.5	0.0	-2.5	1.0
0.2	85.0	0.0	-2.5	1.0
0.2	87.5	0.0	-2.5	1.0
0.2	90.0	0.0	-2.5	1.0
0.2	92.5	0.0	-2.5	1.0
0.2	95.0	0.0	-2.5	1.0
0.2	97.5	0.0	-2.5	1.0
0.2	100.0	0.0	-2.5	1.0
0.225	0.0	0.0	-2.5	1.0
0.225	2.5	0.0	-2.5	0.8200000000000001
0.225	5.0	0.0	-2.5	1.0
0.225	7.5	0.0	-2.5	0.92
0.225	10.0	0.0	-2.5	1.0
0.225	12.5	0.0	-2.5	0.92
0.225	15.0	0.0	-2.5	1.0
0.225	17.5	0.0	-2.5	0.88
0.225	20.0	0.0	-2.5	1.0
0.225	22.5	0.0	-2.5	0.88
0.225	25.0	0.0	-2.5	1.0
0.225	27.5	0.0	-2.5	0.92
0.225	30.0	0.0	-2.5	1.0
0.225	32.5	0.0	-2.5	0.98
0.225	35.0	0.0	-2.5	1.0
0.225	37.5	0.0	-2.5	0.88
0.225	40.0	0.0	-2.5	0.98
0.225	42.5	0.0	-2.5	0.92
0.225	45.0	0.0	-2.5	1.0
0.225	47.5	0.0	-2.5	0.94
0.225	50.0	0.0	-2.5	0.96
0.225	52.5	0.0	-2.5	0.9
0.225	55.0	0.0	-2.5	0.98
0.225	57.5	0.0	-2.5	0.94
0.225	60.0	0.0	-2.5	0.94
0.225	62.5	0.0	-2.5	0.88
0.225	65.0	0.0	-2.5	0.98
0.225	67.5	0.0	-2.5	0.94
0.225	70.0	0.0	-2.5	0.94
0.225	72.5	0.0	-2.5	0.84
0.225	75.0	0.0	-2.5	0.98
0.225	77.5	0.0	-2.5	0.86
0.225	80.0	0.0	-2.5	0.94
0.225	82.5	0.0	-2.5	0.96
0.225	85.0	0.0	-2.5	0.96
0.225	87.5	0.0	-2.5	0.92
0.225	90.0	0.0	-2.5	0.98
0.225	92.5	0.0	-2.5	0.96
0.225	95.0	0.0	-2.5	0.98
0.225	97.5	0.0	-2.5	0.88
0.225	100.0	0.0	-2.5	0.88
0.25	0.0	0.0	-2.5	1.0
0.25	2.5	0.0	-2.5	0.24
0.25	5.0	0.0	-2.5	1.0
0.25	7.5	0.0	-2.5	0.040000000000000036
0.25	10.0	0.0	-2.5	1.0
0.25	12.5	0.0	-2.5	0.1200000000000001
0.25	15.0	0.0	-2.5	1.0
0.25	17.5	0.0	-2.5	0.1399999999999999
0.25	20.0	0.0	-2.5	1.0
0.25	22.5	0.0	-2.5	0.24
0.25	25.0	0.0	-2.5	0.98
0.25	27.5	0.0	-2.5	0.14
0.25	30.0	0.0	-2.5	0.98
0.25	32.5	0.0	-2.5	0.19999999999999996
0.25	35.0	0.0	-2.5	0.8200000000000001
0.25	37.5	0.0	-2.5	0.18000000000000005
0.25	40.0	0.0	-2.5	0.72
0.25	42.5	0.0	-2.5	0.24
0.25	45.0	0.0	-2.5	0.7
0.25	47.5	0.0	-2.5	0.12
0.25	50.0	0.0	-2.5	0.54
0.25	52.5	0.0	-2.5	0.21999999999999997
0.25	55.0	0.0	-2.5	0.43999999999999995
0.25	57.5	0.0	-2.5	0.24
0.25	60.0	0.0	-2.5	0.18000000000000005
0.25	62.5	0.0	-2.5	0.24
0.25	65.0	0.0	-2.5	0.4
0.25	67.5	0.0	-2.5	0.16000000000000003
0.25	70.0	0.0	-2.5	0.28
0.25	72.5	0.0	-2.5	0.07999999999999996
0.25	75.0	0.0	-2.5	0.30000000000000004
0.25	77.5	0.0	-2.5	0.31999999999999995
0.25	80.0	0.0	-2.5	0.30000000000000004
0.25	82.5	0.0	-2.5	0.06000000000000005
0.25	85.0	0.0	-2.5	0.26
0.25	87.5	0.0	-2.5	0.33999999999999997
0.25	90.0	0.0	-2.5	0.26
0.25	92.5	0.0	-2.5	0.19999999999999996
0.25	95.0	0.0	-2.5	0.19999999999999996
0.25	97.5	0.0	-2.5	0.18000000000000005
0.25	100.0	0.0	-2.5	0.19999999999999996
0.275	0.0	0.0	-2.5	1.0
0.275	2.5	0.0	2.5	0.78
0.275	5.0	0.0	-2.5	1.0
0.275	7.5	0.0	2.5	0.8200000000000001
0.275	10.0	0.0	-2.5	1.0
0.275	12.5	0.0	2.5	0.7
0.275	15.0	0.0	-2.5	0.98
0.275	17.5	0.0	2.5	0.8799999999999999
0.275	20.0	0.0	-2.5	0.9
0.275	22.5	0.0	2.5	0.8
0.275	25.0	0.0	-2.5	0.78
0.275	27.5	0.0	2.5	0.76
0.275	30.0	0.0	-2.5	0.45999999999999996
0.275	32.5	0.0	2.5	0.8200000000000001
0.275	35.0	0.0	-2.5	0.040000000000000036
0.275	37.5	0.0	2.5	0.8
0.275	40.0	0.0	2.5	0.1399999999999999
0.275	42.5	0.0	2.5	0.8
0.275	45.0	0.0	2.5	0.45999999999999996
0.275	47.5	0.0	2.5	0.76
0.275	50.0	0.0	2.5	0.6399999999999999
0.275	52.5	0.0	2.5	0.76
0.275	55.0	0.0	2.5	0.6000000000000001
0.275	57.5	0.0	2.5	0.8999999999999999
0.275	60.0	0.0	-2.5	0.8
0.275	62.5	0.0	-2.5	0.78
0.275	65.0	0.0	-2.5	0.72
0.275	67.5	0.0	-2.5	0.7
0.275	70.0	0.0	-2.5	0.8400000000000001
0.275	72.5	0.0	-2.5	0.8600000000000001
0.275	75.0	0.0	-2.5	0.78
0.275	77.5	0.0	-2.5	0.8799999999999999
0.275	80.0	0.0	-2.5	0.7
0.275	82.5	0.0	-2.5	0.78
0.275	85.0	0.0	-2.5	0.78
0.275	87.5	0.0	-2.5	0.78
0.275	90.0	0.0	-2.5	0.72
0.275	92.5	0.0	-2.5	0.8200000000000001
0.275	95.0	0.0	-2.5	0.7
0.275	97.5	0.0	-2.5	0.8999999999999999
0.275	100.0	0.0	-2.5	0.8
0.30000000000000004	0.0	0.0	-2.5	1.0
0.30000000000000004	2.5	0.0	2.5	1.0
0.30000000000000004	5.0	0.0	-2.5	1.0
0.30000000000000004	7.5	0.0	2.5	0.98
0.30000000000000004	10.0	0.0	-2.5	0.96
0.30000000000000004	12.5	0.0	2.5	0.98
0.30000000000000004	15.0	0.0	-2.5	0.86
0.30000000000000004	17.5	0.0	2.5	1.0
0.30000000000000004	20.0	0.0	-2.5	0.62
0.30000000000000004	22.5	0.0	2.5	1.0
0.30000000000000004	25.0	0.0	-2.5	0.06000000000000005
0.30000000000000004	27.5	0.0	2.5	1.0
0.30000000000000004	30.0	0.0	2.5	0.3400000000000001
0.30000000000000004	32.5	0.0	2.5	0.96
0.30000000000000004	35.0	0.0	2.5	0.6599999999999999
0.30000000000000004	37.5	0.0	2.5	0.98
0.30000000000000004	40.0	0.0	2.5	0.74
0.30000000000000004	42.5	0.0	2.5	1.0
0.30000000000000004	45.0	0.0	2.5	0.9199999999999999
0.30000000000000004	47.5	0.0	2.5	1.0
0.30000000000000004	50.0	0.0	2.5	0.98
0.30000000000000004	52.5	0.0	2.5	1.0
0.30000000000000004	55.0	0.0	2.5	0.98
0.30000000000000004	57.5	0.0	2.5	1.0
0.30000000000000004	60.0	0.0	2.5	1.0
0.30000000000000004	62.5	0.0	2.5	1.0
0.30000000000000004	65.0	0.0	0.0	0.98
0.30000000000000004	67.5	0.0	-2.5	1.0
0.30000000000000004	70.0	0.0	-2.5	0.96
0.30000000000000004	72.5	0.0	-2.5	0.98
0.30000000000000004	75.0	0.0	-2.5	1.0
0.30000000000000004	77.5	0.0	-2.5	1.0
0.30000000000000004	80.0	0.0	-2.5	1.0
0.30000000000000004	82.5	0.0	-2.5	0.98
0.30000000000000004	85.0	0.0	-2.5	1.0
0.30000000000000004	87.5	0.0	-2.5	0.98
0.30000000000000004	90.0	0.0	-2.5	1.0
0.30000000000000004	92.5	0.0	-2.5	0.98
0.30000000000000004	95.0	0.0	-2.5	0.9199999999999999
0.30000000000000004	97.5	0.0	-2.5	1.0
0.30000000000000004	100.0	0.0	-2.5	1.0
0.325	0.0	0.0	-2.5	1.0
0.325	2.5	0.0	2.5	1.0
0.325	5.0	0.0	-2.5	1.0
0.325	7.5	0.0	2.5	1.0
0.325	10.0	0.0	-2.5	1.0
0.325	12.5	0.0	2.5	1.0
0.325	15.0	0.0	-2.5	0.8200000000000001
0.325	17.5	0.0	2.5	1.0
0.325	20.0	0.0	-2.5	0.21999999999999997
0.325	22.5	0.0	2.5	1.0
0.325	25.0	0.0	2.5	0.5800000000000001
0.325	27.5	0.0	2.5	1.0
0.325	30.0	0.0	2.5	0.76
0.325	32.5	0.0	2.5	1.0
0.325	35.0	0.0	2.5	0.94
0.325	37.5	0.0	2.5	1.0
0.325	40.0	0.0	2.5	1.0
0.325	42.5	0.0	2.5	1.0
0.325	45.0	0.0	2.5	1.0
0.325	47.5	0.0	2.5	1.0
0.325	50.0	0.0	2.5	1.0
0.325	52.5	0.0	2.5	1.0
0.325	55.0	0.0	2.5	1.0
0.325	57.5	0.0	2.5	1.0
0.325	60.0	0.0	2.5	1.0
0.325	62.5	0.0	2.5	1.0
0.325	65.0	0.0	2.5	1.0
0.325	67.5	0.0	2.5	1.0
0.325	70.0	0.0	-2.5	1.0
0.325	72.5	0.0	-2.5	1.0
0.325	75.0	0.0	-2.5	1.0
0.325	77.5	0.0	-2.5	1.0
0.325	80.0	0.0	-2.5	1.0
0.325	82.5	0.0	-2.5	1.0
0.325	85.0	0.0	-2.5	1.0
0.325	87.5	0.0	-2.5	1.0
0.325	90.0	0.0	-2.5	1.0
0.325	92.5	0.0	-2.5	1.0
0.325	95.0	0.0	-2.5	1.0
0.325	97.5	0.0	-2.5	1.0
0.325	100.0	0.0	-2.5	1.0
0.35000000000000003	0.0	0.0	-2.5	1.0
0.35000000000000003	2.5	0.0	2.5	1.0
0.35000000000000003	5.0	0.0	-2.5	0.98
0.35000000000000003	7.5	0.0	2.5	1.0
0.35000000000000003	10.0	0.0	-2.5	0.88
0.35000000000000003	12.5	0.0	2.5	1.0
0.35000000000000003	15.0	0.0	-2.5	0.33999999999999997
0.35000000000000003	17.5	0.0	2.5	1.0
0.35000000000000003	20.0	0.0	2.5	0.30000000000000004
0.35000000000000003	22.5	0.0	2.5	1.0
0.35000000000000003	25.0	0.0	2.5	0.78
0.35000000000000003	27.5	0.0	2.5	1.0
0.35000000000000003	30.0	0.0	2.5	1.0
0.35000000000000003	32.5	0.0	2.5	1.0
0.35000000000000003	35.0	0.0	2.5	1.0
0.35000000000000003	37.5	0.0	2.5	1.0
0.35000000000000003	40.0	0.0	2.5	0.98
0.35000000000000003	42.5	0.0	2.5	1.0
0.35000000000000003	45.0	0.0	2.5	1.0
0.35000000000000003	47.5	0.0	2.5	1.0
0.35000000000000003	50.0	0.0	2.5	1.0
0.35000000000000003	52.5	0.0	2.5	1.0
0.35000000000000003	55.0	0.0	2.5	1.0
0.35000000000000003	57.5	0.0	2.5	1.0
0.35000000000000003	60.0	0.0	2.5	1.0
0.35000000000000003	62.5	0.0	2.5	1.0
0.35000000000000003	65.0	0.0	2.5	1.0
0.35000000000000003	67.5	0.0	2.5	1.0
0.35000000000000003	70.0	0.0	2.5	1.0
0.35000000000000003	72.5	0.0	-2.5	1.0
0.35000000000000003	75.0	0.0	-2.5	1.0
0.35000000000000003	77.5	0.0	-2.5	1.0
0.35000000000000003	80.0	0.0	-2.5	1.0
0.35000000000000003	82.5	0.0	-2.5	1.0
0.35000000000000003	85.0	0.0	-2.5	1.0
0.35000000000000003	87.5	0.0	-2.5	1.0
0.35000000000000003	90.0	0.0	-2.5	1.0
0.35000000000000003	92.5	0.0	-2.5	1.0
0.35000000000000003	95.0	0.0	-2.5	1.0
0.35000000000000003	97.5	0.0	-2.5	1.0
0.35000000000000003	100.0	0.0	-2.5	1.0
0.375	0.0	0.0	-2.5	1.0
0.375	2.5	0.0	2.5	1.0
0.375	5.0	0.0	-2.5	0.96
0.375	7.5	0.0	2.5	1.0
0.375	10.0	0.0	-2.5	0.6599999999999999
0.375	12.5	0.0	2.5	1.0
0.375	15.0	0.0	-2.5	0.020000000000000018
0.375	17.5	0.0	2.5	1.0
0.375	20.0	0.0	2.5	0.5800000000000001
0.375	22.5	0.0	2.5	1.0
0.375	25.0	0.0	2.5	0.94
0.375	27.5	0.0	2.5	1.0
0.375	30.0	0.0	2.5	0.96
0.375	32.5	0.0	2.5	1.0
0.375	35.0	0.0	2.5	0.98
0.375	37.5	0.0	2.5	1.0
0.375	40.0	0.0	2.5	1.0
0.375	42.5	0.0	2.5	1.0
0.375	45.0	0.0	2.5	1.0
0.375	47.5	0.0	2.5	1.0
0.375	50.0	0.0	2.5	1.0
0.375	52.5	0.0	2.5	1.0
0.375	55.0	0.0	2.5	1.0
0.375	57.5	0.0	2.5	1.0
0.375	60.0	0.0	2.5	1.0
0.375	62.5	0.0	2.5	1.0
0.375	65.0	0.0	2.5	1.0
0.375	67.5	0.0	2.5	1.0
0.375	70.0	0.0	2.5	1.0
0.375	72.5	0.0	2.5	1.0
0.375	75.0	0.0	0.0	1.0
0.375	77.5	0.0	-2.5	1.0
0.375	80.0	0.0	-2.5	1.0
0.375	82.5	0.0	-2.5	1.0
0.375	85.0	0.0	-2.5	1.0
0.375	87.5	0.0	-2.5	1.0
0.375	90.0	0.0	-2.5	1.0
0.375	92.5	0.0	-2.5	1.0
0.375	95.0	0.0	-2.5	1.0
0.375	97.5	0.0	-2.5	1.0
0.375	100.0	0.0	-2.5	1.0
0.4	0.0	0.0	-2.5	1.0
0.4	2.5	0.0	2.5	1.0
0.4	5.0	0.0	-2.5	0.9
0.4	7.5	0.0	2.5	1.0
0.4	10.0	0.0	-2.5	0.56
0.4	12.5	0.0	2.5	1.0
0.4	15.0	0.0	2.5	0.3600000000000001
0.4	17.5	0.0	2.5	1.0
0.4	20.0	0.0	2.5	0.8600000000000001
0.4	22.5	0.0	2.5	1.0
0.4	25.0	0.0	2.5	0.98
0.4	27.5	0.0	2.5	1.0
0.4	30.0	0.0	2.5	1.0
0.4	32.5	0.0	2.5	1.0
0.4	35.0	0.0	2.5	1.0
0.4	37.5	0.0	2.5	1.0
0.4	40.0	0.0	2.5	1.0
0.4	42.5	0.0	2.5	1.0
0.4	45.0	0.0	2.5	1.0
0.4	47.5	0.0	2.5	1.0
0.4	50.0	0.0	2.5	1.0
0.4	52.5	0.0	2.5	1.0
0.4	55.0	0.0	2.5	1.0
0.4	57.5	0.0	2.5	1.0
0.4	60.0	0.0	2.5	1.0
0.4	62.5	0.0	2.5	1.0
0.4	65.0	0.0	2.5	1.0
0.4	67.5	0.0	2.5	1.0
0.4	70.0	0.0	2.5	1.0
0.4	72.5	0.0	2.5	1.0
0.4	75.0	0.0	2.5	1.0
0.4	77.5	0.0	-2.5	1.0
0.4	80.0	0.0	-2.5	1.0
0.4	82.5	0.0	-2.5	1.0
0.4	85.0	0.0	-2.5	1.0
0.4	87.5	0.0	-2.5	1.0
0.4	90.0	0.0	-2.5	1.0
0.4	92.5	0.0	-2.5	1.0
0.4	95.0	0.0	-2.5	1.0
0.4	97.5	0.0	-2.5	1.0
0.4	100.0	0.0	-2.5	1.0
0.42500000000000004	0.0	0.0	-2.5	1.0
0.42500000000000004	2.5	0.0	2.5	1.0
0.42500000000000004	5.0	0.0	-2.5	0.9
0.42500000000000004	7.5	0.0	2.5	1.0
0.42500000000000004	10.0	0.0	-2.5	0.12
0.42500000000000004	12.5	0.0	2.5	1.0
0.42500000000000004	15.0	0.0	2.5	0.6200000000000001
0.42500000000000004	17.5	0.0	2.5	1.0
0.42500000000000004	20.0	0.0	2.5	0.94
0.42500000000000004	22.5	0.0	2.5	1.0
0.42500000000000004	25.0	0.0	2.5	0.98
0.42500000000000004	27.5	0.0	2.5	1.0
0.42500000000000004	30.0	0.0	2.5	1.0
0.42500000000000004	32.5	0.0	2.5	1.0
0.42500000000000004	35.0	0.0	2.5	1.0
0.42500000000000004	37.5	0.0	2.5	1.0
0.42500000000000004	40.0	0.0	2.5	1.0
0.42500000000000004	42.5	0.0	2.5	1.0
0.42500000000000004	45.0	0.0	2.5	1.0
0.42500000000000004	47.5	0.0	2.5	1.0
0.42500000000000004	50.0	0.0	2.5	1.0
0.42500000000000004	52.5	0.0	2.5	1.0
0.42500000000000004	55.0	0.0	2.5	1.0
0.42500000000000004	57.5	0.0	2.5	1.0
0.42500000000000004	60.0	0.0	2.5	1.0
0.42500000000000004	62.5	0.0	2.5	1.0
0.42500000000000004	65.0	0.0	2.5	1.0
0.42500000000000004	67.5	0.0	2.5	1.0
0.42500000000000004	70.0	0.0	2.5	1.0
0.42500000000000004	72.5	0.0	2.5	1.0
0.42500000000000004	75.0	0.0	2.5	1.0
0.42500000000000004	77.5	0.0	2.5	1.0
0.42500000000000004	80.0	0.0	-2.5	1.0
0.42500000000000004	82.5	0.0	-2.5	1.0
0.42500000000000004	85.0	0.0	-2.5	1.0
0.42500000000000004	87.5	0.0	-2.5	1.0
0.42500000000000004	90.0	0.0	-2.5	1.0
0.42500000000000004	92.5	0.0	-2.5	1.0
0.42500000000000004	95.0	0.0	-2.5	1.0
0.42500000000000004	97.5	0.0	-2.5	1.0
0.42500000000000004	100.0	0.0	-2.5	1.0
0.45	0.0	0.0	-2.5	1.0
0.45	2.5	0.0	2.5	1.0
0.45	5.0	0.0	-2.5	0.86
0.45	7.5	0.0	2.5	1.0
0.45	10.0	0.0	2.5	0.1200000000000001
0.45	12.5	0.0	2.5	1.0
0.45	15.0	0.0	2.5	0.74
0.45	17.5	0.0	2.5	1.0
0.45	20.0	0.0	2.5	0.96
0.45	22.5	0.0	2.5	1.0
0.45	25.0	0.0	2.5	1.0
0.45	27.5	0.0	2.5	1.0
0.45	30.0	0.0	2.5	1.0
0.45	32.5	0.0	2.5	1.0
0.45	35.0	0.0	2.5	1.0
0.45	37.5	0.0	2.5	1.0
0.45	40.0	0.0	2.5	1.0
0.45	42.5	0.0	2.5	1.0
0.45	45.0	0.0	2.5	1.0
0.45	47.5	0.0	2.5	1.0
0.45	50.0	0.0	2.5	1.0
0.45	52.5	0.0	2.5	1.0
0.45	55.0	0.0	2.5	1.0
0.45	57.5	0.0	2.5	1.0
0.45	60.0	0.0	2.5	1.0
0.45	62.5	0.0	2.5	1.0
0.45	65.0	0.0	2.5	1.0
0.45	67.5	0.0	2.5	1.0
0.45	70.0	0.0	2.5	1.0
0.45	72.5	0.0	2.5	1.0
0.45	75.0	0.0	2.5	1.0
0.45	77.5	0.0	2.5	1.0
0.45	80.0	0.0	0.0	1.0
0.45	82.5	0.0	-2.5	1.0
0.45	85.0	0.0	-2.5	1.0
0.45	87.5	0.0	-2.5	1.0
0.45	90.0	0.0	-2.5	1.0
0.45	92.5	0.0	-2.5	1.0
0.45	95.0	0.0	-2.5	1.0
0.45	97.5	0.0	-2.5	1.0
0.45	100.0	0.0	-2.5	1.0
0.47500000000000003	0.0	0.0	-2.5	1.0
0.47500000000000003	2.5	0.0	2.5	1.0
0.47500000000000003	5.0	0.0	-2.5	0.7
0.47500000000000003	7.5	0.0	2.5	1.0
0.47500000000000003	10.0	0.0	2.5	0.28
0.47500000000000003	12.5	0.0	2.5	1.0
0.47500000000000003	15.0	0.0	2.5	0.8400000000000001
0.47500000000000003	17.5	0.0	2.5	1.0
0.47500000000000003	20.0	0.0	2.5	0.94
0.47500000000000003	22.5	0.0	2.5	1.0
0.47500000000000003	25.0	0.0	2.5	1.0
0.47500000000000003	27.5	0.0	2.5	1.0
0.47500000000000003	30.0	0.0	2.5	1.0
0.47500000000000003	32.5	0.0	2.5	1.0
0.47500000000000003	35.0	0.0	2.5	1.0
0.47500000000000003	37.5	0.0	2.5	1.0
0.47500000000000003	40.0	0.0	2.5	1.0
0.47500000000000003	42.5	0.0	2.5	1.0
0.47500000000000003	45.0	0.0	2.5	1.0
0.47500000000000003	47.5	0.0	2.5	1.0
0.47500000000000003	50.0	0.0	2.5	1.0
0.47500000000000003	52.5	0.0	2.5	1.0
0.47500000000000003	55.0	0.0	2.5	1.0
0.47500000000000003	57.5	0.0	2.5	1.0
0.47500000000000003	60.0	0.0	2.5	1.0
0.47500000000000003	62.5	0.0	2.5	1.0
0.47500000000000003	65.0	0.0	2.5	1.0
0.47500000000000003	67.5	0.0	2.5	1.0
0.47500000000000003	70.0	0.0	2.5	1.0
0.47500000000000003	72.5	0.0	2.5	1.0
0.47500000000000003	75.0	0.0	2.5	1.0
0.47500000000000003	77.5	0.0	2.5	1.0
0.47500000000000003	80.0	0.0	2.5	1.0
0.47500000000000003	82.5	0.0	-2.5	1.0
0.47500000000000003	85.0	0.0	-2.5	1.0
0.47500000000000003	87.5	0.0	-2.5	1.0
0.47500000000000003	90.0	0.0	-2.5	1.0
0.47500000000000003	92.5	0.0	-2.5	1.0
0.47500000000000003	95.0	0.0	-2.5	1.0
0.47500000000000003	97.5	0.0	-2.5	1.0
0.47500000000000003	100.0	0.0	-2.5	1.0
0.5	0.0	0.0	-2.5	1.0
0.5	2.5	0.0	2.5	1.0
0.5	5.0	0.0	-2.5	0.42000000000000004
0.5	7.5	0.0	2.5	1.0
0.5	10.0	0.0	2.5	0.52
0.5	12.5	0.0	2.5	1.0
0.5	15.0	0.0	2.5	0.94
0.5	17.5	0.0	2.5	1.0
0.5	20.0	0.0	2.5	1.0
0.5	22.5	0.0	2.5	1.0
0.5	25.0	0.0	2.5	1.0
0.5	27.5	0.0	2.5	1.0
0.5	30.0	0.0	2.5	1.0
0.5	32.5	0.0	2.5	1.0
0.5	35.0	0.0	2.5	1.0
0.5	37.5	0.0	2.5	1.0
0.5	40.0	0.0	2.5	1.0
0.5	42.5	0.0	2.5	1.0
0.5	45.0	0.0	2.5	1.0
0.5	47.5	0.0	2.5	1.0
0.5	50.0	0.0	2.5	1.0
0.5	52.5	0.0	2.5	1.0
0.5	55.0	0.0	2.5	1.0
0.5	57.5	0.0	2.5	1.0
0.5	60.0	0.0	2.5	1.0
0.5	62.5	0.0	2.5	1.0
0.5	65.0	0.0	2.5	1.0
0.5	67.5	0.0	2.5	1.0
0.5	70.0	0.0	2.5	1.0
0.5	72.5	0.0	2.5	1.0
0.5	75.0	0.0	2.5	1.0
0.5	77.5	0.0	2.5	1.0
0.5	80.0	0.0	2.5	1.0
0.5	82.5	0.0	2.5	1.0
0.5	85.0	0.0	-2.5	1.0
0.5	87.5	0.0	-2.5	1.0
0.5	90.0	0.0	-2.5	1.0
0.5	92.5	0.0	-2.5	1.0
0.5	95.0	0.0	-2.5	1.0
0.5	97.5	0.0	-2.5	1.0
0.5	100.0	0.0	-2.5	1.0
0.525	0.0	0.0	-2.5	1.0
0.525	2.5	0.0	2.5	1.0
0.525	5.0	0.0	-2.5	0.56
0.525	7.5	0.0	2.5	1.0
0.525	10.0	0.0	2.5	0.6399999999999999
0.525	12.5	0.0	2.5	1.0
0.525	15.0	0.0	2.5	0.96
0.525	17.5	0.0	2.5	1.0
0.525	20.0	0.0	2.5	1.0
0.525	22.5	0.0	2.5	1.0
0.525	25.0	0.0	2.5	1.0
0.525	27.5	0.0	2.5	1.0
0.525	30.0	0.0	2.5	1.0
0.525	32.5	0.0	2.5	1.0
0.525	35.0	0.0	2.5	1.0
0.525	37.5	0.0	2.5	1.0
0.525	40.0	0.0	2.5	1.0
0.525	42.5	0.0	2.5	1.0
0.525	45.0	0.0	2.5	1.0
0.525	47.5	0.0	2.5	1.0
0.525	50.0	0.0	2.5	1.0
0.525	52.5	0.0	2.5	1.0
0.525	55.0	0.0	2.5	1.0
0.525	57.5	0.0	2.5	1.0
0.525	60.0	0.0	2.5	1.0
0.525	62.5	0.0	2.5	1.0
0.525	65.0	0.0	2.5	1.0
0.525	67.5	0.0	2.5	1.0
0.525	70.0	0.0	2.5	1.0
0.525	72.5	0.0	2.5	1.0
0.525	75.0	0.0	2.5	1.0
0.525	77.5	0.0	2.5	1.0
0.525	80.0	0.0	2.5	1.0
0.525	82.5	0.0	2.5	1.0
0.525	85.0	0.0	-2.5	1.0
0.525	87.5	0.0	-2.5	1.0
0.525	90.0	0.0	-2.5	1.0
0.525	92.5	0.0	-2.5	1.0
0.525	95.0	0.0	-2.5	1.0
0.525	97.5	0.0	-2.5	1.0
0.525	100.0	0.0	-2.5	1.0
0.55	0.0	0.0	-2.5	1.0
0.55	2.5	0.0	2.5	1.0
0.55	5.0	0.0	-2.5	0.14
0.55	7.5	0.0	2.5	1.0
0.55	10.0	0.0	2.5	0.78
0.55	12.5	0.0	2.5	1.0
0.55	15.0	0.0	2.5	1.0
0.55	17.5	0.0	2.5	1.0
0.55	20.0	0.0	2.5	1.0
0.55	22.5	0.0	2.5	1.0
0.55	25.0	0.0	2.5	1.0
0.55	27.5	0.0	2.5	1.0
0.55	30.0	0.0	2.5	1.0
0.55	32.5	0.0	2.5	1.0
0.55	35.0	0.0	2.5	1.0
0.55	37.5	0.0	2.5	1.0
0.55	40.0	0.0	2.5	1.0
0.55	42.5	0.0	2.5	1.0
0.55	45.0	0.0	2.5	1.0
0.55	47.5	0.0	2.5	1.0
0.55	50.0	0.0	2.5	1.0
0.55	52.5	0.0	2.5	1.0
0.55	55.0	0.0	2.5	1.0
0.55	57.5	0.0	2.5	1.0
0.55	60.0	0.0	2.5	1.0
0.55	62.5	0.0	2.5	1.0
0.55	65.0	0.0	2.5	1.0
0.55	67.5	0.0	2.5	1.0
0.55	70.0	0.0	2.5	1.0
0.55	72.5	0.0	2.5	1.0
0.55	75.0	0.0	2.5	1.0
0.55	77.5	0.0	2.5	1.0
0.55	80.0	0.0	2.5	1.0
0.55	82.5	0.0	2.5	1.0
0.55	85.0	0.0	-2.5	1.0
0.55	87.5	0.0	-2.5	1.0
0.55	90.0	0.0	-2.5	1.0
0.55	92.5	0.0	-2.5	1.0
0.55	95.0	0.0	-2.5	1.0
0.55	97.5	0.0	-2.5	1.0
0.55	100.0	0.0	-2.5	1.0
0.5750000000000001	0.0	0.0	-2.5	1.0
0.5750000000000001	2.5	0.0	2.5	1.0
0.5750000000000001	5.0	0.0	-2.5	0.19999999999999996
0.5750000000000001	7.5	0.0	2.5	1.0
0.5750000000000001	10.0	0.0	2.5	0.9199999999999999
0.5750000000000001	12.5	0.0	2.5	1.0
0.5750000000000001	15.0	0.0	2.5	1.0
0.5750000000000001	17.5	0.0	2.5	1.0
0.5750000000000001	20.0	0.0	2.5	1.0
0.5750000000000001	22.5	0.0	2.5	1.0
0.5750000000000001	25.0	0.0	2.5	1.0
0.5750000000000001	27.5	0.0	2.5	1.0
0.5750000000000001	30.0	0.0	2.5	1.0
0.5750000000000001	32.5	0.0	2.5	1.0
0.5750000000000001	35.0	0.0	2.5	1.0
0.5750000000000001	37.5	0.0	2.5	1.0
0.5750000000000001	40.0	0.0	2.5	1.0
0.5750000000000001	42.5	0.0	2.5	1.0
0.5750000000000001	45.0	0.0	2.5	1.0
0.5750000000000001	47.5	0.0	2.5	1.0
0.5750000000000001	50.0	0.0	2.5	1.0
0.5750000000000001	52.5	0.0	2.5	1.0
0.5750000000000001	55.0	0.0	2.5	1.0
0.5750000000000001	57.5	0.0	2.5	1.0
0.5750000000000001	60.0	0.0	2.5	1.0
0.5750000000000001	62.5	0.0	2.5	1.0
0.5750000000000001	65.0	0.0	2.5	1.0
0.5750000000000001	67.5	0.0	2.5	1.0
0.5750000000000001	70.0	0.0	2.5	1.0
0.5750000000000001	72.5	0.0	2.5	1.0
0.5750000000000001	75.0	0.0	2.5	1.0
0.5750000000000001	77.5	0.0	2.5	1.0
0.5750000000000001	80.0	0.0	2.5	1.0
0.5750000000000001	82.5	0.0	2.5	1.0
0.5750000000000001	85.0	0.0	0.0	1.0
0.5750000000000001	87.5	0.0	-2.5	1.0
0.5750000000000001	90.0	0.0	-2.5	1.0
0.5750000000000001	92.5	0.0	-2.5	1.0
0.5750000000000001	95.0	0.0	-2.5	1.0
0.5750000000000001	97.5	0.0	-2.5	1.0
0.5750000000000001	100.0	0.0	-2.5	1.0
0.6000000000000001	0.0	0.0	-2.5	1.0
0.6000000000000001	2.5	0.0	2.5	1.0
0.6000000000000001	5.0	0.0	2.5	0.06000000000000005
0.6000000000000001	7.5	0.0	2.5	1.0
0.6000000000000001	10.0	0.0	2.5	0.8200000000000001
0.6000000000000001	12.5	0.0	2.5	1.0
0.6000000000000001	15.0	0.0	2.5	1.0
0.6000000000000001	17.5	0.0	2.5	1.0
0.6000000000000001	20.0	0.0	2.5	1.0
0.6000000000000001	22.5	0.0	2.5	1.0
0.6000000000000001	25.0	0.0	2.5	1.0
0.6000000000000001	27.5	0.0	2.5	1.0
0.6000000000000001	30.0	0.0	2.5	1.0
0.6000000000000001	32.5	0.0	2.5	1.0
0.6000000000000001	35.0	0.0	2.5	1.0
0.6000000000000001	37.5	0.0	2.5	1.0
0.6000000000000001	40.0	0.0	2.5	1.0
0.6000000000000001	42.5	0.0	2.5	1.0
0.6000000000000001	45.0	0.0	2.5	1.0
0.6000000000000001	47.5	0.0	2.5	1.0
0.6000000000000001	50.0	0.0	2.5	1.0
0.6000000000000001	52.5	0.0	2.5	1.0
0.6000000000000001	55.0	0.0	2.5	1.0
0.6000000000000001	57.5	0.0	2.5	1.0
0.6000000000000001	60.0	0.0	2.5	1.0
0.6000000000000001	62.5	0.0	2.5	1.0
0.6000000000000001	65.0	0.0	2.5	1.0
0.6000000000000001	67.5	0.0	2.5	1.0
0.6000000000000001	70.0	0.0	2.5	1.0
0.6000000000000001	72.5	0.0	2.5	1.0
0.6000000000000001	75.0	0.0	2.5	1.0
0.6000000000000001	77.5	0.0	2.5	1.0
0.6000000000000001	80.0	0.0	2.5	1.0
0.6000000000000001	82.5	0.0	2.5	1.0
0.6000000000000001	85.0	0.0	2.5	1.0
0.6000000000000001	87.5	0.0	-2.5	1.0
0.6000000000000001	90.0	0.0	-2.5	1.0
0.6000000000000001	92.5	0.0	-2.5	1.0
0.6000000000000001	95.0	0.0	-2.5	1.0
0.6000000000000001	97.5	0.0	-2.5	1.0
0.6000000000000001	100.0	0.0	-2.5	1.0
0.625	0.0	0.0	-2.5	1.0
0.625	2.5	0.0	2.5	1.0
0.625	5.0	0.0	2.5	0.3999999999999999
0.625	7.5	0.0	2.5	1.0
0.625	10.0	0.0	2.5	1.0
0.625	12.5	0.0	2.5	1.0
0.625	15.0	0.0	2.5	1.0
0.625	17.5	0.0	2.5	1.0
0.625	20.0	0.0	2.5	1.0
0.625	22.5	0.0	2.5	1.0
0.625	25.0	0.0	2.5	1.0
0.625	27.5	0.0	2.5	1.0
0.625	30.0	0.0	2.5	1.0
0.625	32.5	0.0	2.5	1.0
0.625	35.0	0.0	2.5	1.0
0.625	37.5	0.0	2.5	1.0
0.625	40.0	0.0	2.5	1.0
0.625	42.5	0.0	2.5	1.0
0.625	45.0	0.0	2.5	1.0
0.625	47.5	0.0	2.5	1.0
0.625	50.0	0.0	2.5	1.0
0.625	52.5	0.0	2.5	1.0
0.625	55.0	0.0	2.5	1.0
0.625	57.5	0.0	2.5	1.0
0.625	60.0	0.0	2.5	1.0
0.625	62.5	0.0	2.5	1.0
0.625	65.0	0.0	2.5	1.0
0.625	67.5	0.0	2.5	1.0
0.625	70.0	0.0	2.5	1.0
0.625	72.5	0.0	2.5	1.0
0.625	75.0	0.0	2.5	1.0
0.625	77.5	0.0	2.5	1.0
0.625	80.0	0.0	2.5	1.0
0.625	82.5	0.0	2.5	1.0
0.625	85.0	0.0	2.5	1.0
0.625	87.5	0.0	-2.5	1.0
0.625	90.0	0.0	-2.5	1.0
0.625	92.5	0.0	-2.5	1.0
0.625	95.0	0.0	-2.5	1.0
0.625	97.5	0.0	-2.5	1.0
0.625	100.0	0.0	-2.5	1.0
0.65	0.0	0.0	-2.5	1.0
0.65	2.5	0.0	2.5	1.0
0.65	5.0	0.0	2.5	0.48
0.65	7.5	0.0	2.5	1.0
0.65	10.0	0.0	2.5	0.96
0.65	12.5	0.0	2.5	1.0
0.65	15.0	0.0	2.5	1.0
0.65	17.5	0.0	2.5	1.0
0.65	20.0	0.0	2.5	1.0
0.65	22.5	0.0	2.5	1.0
0.65	25.0	0.0	2.5	1.0
0.65	27.5	0.0	2.5	1.0
0.65	30.0	0.0	2.5	1.0
0.65	32.5	0.0	2.5	1.0
0.65	35.0	0.0	2.5	1.0
0.65	37.5	0.0	2.5	1.0
0.65	40.0	0.0	2.5	1.0
0.65	42.5	0.0	2.5	1.0
0.65	45.0	0.0	2.5	1.0
0.65	47.5	0.0	2.5	1.0
0.65	50.0	0.0	2.5	1.0
0.65	52.5	0.0	2.5	1.0
0.65	55.0	0.0	2.5	1.0
0.65	57.5	0.0	2.5	1.0
0.65	60.0	0.0	2.5	1.0
0.65	62.5	0.0	2.5	1.0
0.65	65.0	0.0	2.5	1.0
0.65	67.5	0.0	2.5	1.0
0.65	70.0	0.0	2.5	1.0
0.65	72.5	0.0	2.5	1.0
0.65	75.0	0.0	2.5	1.0
0.65	77.5	0.0	2.5	1.0
0.65	80.0	0.0	2.5	1.0
0.65	82.5	0.0	2.5	1.0
0.65	85.0	0.0	2.5	1.0
0.65	87.5	0.0	-2.5	1.0
0.65	90.0	0.0	-2.5	1.0
0.65	92.5	0.0	-2.5	1.0
0.65	95.0	0.0	-2.5	1.0
0.65	97.5	0.0	-2.5	1.0
0.65	100.0	0.0	-2.5	1.0
0.675	0.0	0.0	-2.5	1.0
0.675	2.5	0.0	2.5	1.0
0.675	5.0	0.0	2.5	0.3400000000000001
0.675	7.5	0.0	2.5	1.0
0.675	10.0	0.0	2.5	0.96
0.675	12.5	0.0	2.5	1.0
0.675	15.0	0.0	2.5	1.0
0.675	17.5	0.0	2.5	1.0
0.675	20.0	0.0	2.5	1.0
0.675	22.5	0.0	2.5	1.0
0.675	25.0	0.0	2.5	1.0
0.675	27.5	0.0	2.5	1.0
0.675	30.0	0.0	2.5	1.0
0.675	32.5	0.0	2.5	1.0
0.675	35.0	0.0	2.5	1.0
0.675	37.5	0.0	2.5	1.0
0.675	40.0	0.0	2.5	1.0
0.675	42.5	0.0	2.5	1.0
0.675	45.0	0.0	2.5	1.0
0.675	47.5	0.0	2.5	1.0
0.675	50.0	0.0	2.5	1.0
0.675	52.5	0.0	2.5	1.0
0.675	55.0	0.0	2.5	1.0
0.675	57.5	0.0	2.5	1.0
0.675	60.0	0.0	2.5	1.0
0.675	62.5	0.0	2.5	1.0
0.675	65.0	0.0	2.5	1.0
0.675	67.5	0.0	2.5	1.0
0.675	70.0	0.0	2.5	1.0
0.675	72.5	0.0	2.5	1.0
0.675	75.0	0.0	2.5	1.0
0.675	77.5	0.0	2.5	1.0
0.675	80.0	0.0	2.5	1.0
0.675	82.5	0.0	2.5	1.0
0.675	85.0	0.0	2.5	1.0
0.675	87.5	0.0	2.5	1.0
0.675	90.0	0.0	-2.5	1.0
0.675	92.5	0.0	-2.5	1.0
0.675	95.0	0.0	-2.5	1.0
0.675	97.5	0.0	-2.5	1.0
0.675	100.0	0.0	-2.5	1.0
0.7000000000000001	0.0	0.0	-2.5	1.0
0.7000000000000001	2.5	0.0	2.5	1.0
0.7000000000000001	5.0	0.0	2.5	0.45999999999999996
0.7000000000000001	7.5	0.0	2.5	1.0
0.7000000000000001	10.0	0.0	2.5	1.0
0.7000000000000001	12.5	0.0	2.5	1.0
0.7000000000000001	15.0	0.0	2.5	1.0
0.7000000000000001	17.5	0.0	2.5	1.0
0.7000000000000001	20.0	0.0	2.5	1.0
0.7000000000000001	22.5	0.0	2.5	1.0
0.7000000000000001	25.0	0.0	2.5	1.0
0.7000000000000001	27.5	0.0	2.5	1.0
0.7000000000000001	30.0	0.0	2.5	1.0
0.7000000000000001	32.5	0.0	2.5	1.0
0.7000000000000001	35.0	0.0	2.5	1.0
0.7000000000000001	37.5	0.0	2.5	1.0
0.7000000000000001	40.0	0.0	2.5	1.0
0.7000000000000001	42.5	0.0	2.5	1.0
0.7000000000000001	45.0	0.0	2.5	1.0
0.7000000000000001	47.5	0.0	2.5	1.0
0.7000000000000001	50.0	0.0	2.5	1.0
0.7000000000000001	52.5	0.0	2.5	1.0
0.7000000000000001	55.0	0.0	2.5	1.0
0.7000000000000001	57.5	0.0	2.5	1.0
0.7000000000000001	60.0	0.0	2.5	1.0
0.7000000000000001	62.5	0.0	2.5	1.0
0.7000000000000001	65.0	0.0	2.5	1.0
0.7000000000000001	67.5	0.0	2.5	1.0
0.7000000000000001	70.0	0.0	2.5	1.0
0.7000000000000001	72.5	0.0	2.5	1.0
0.7000000000000001	75.0	0.0	2.5	1.0
0.7000000000000001	77.5	0.0	2.5	1.0
0.7000000000000001	80.0	0.0	2.5	1.0
0.7000000000000001	82.5	0.0	2.5	1.0
0.7000000000000001	85.0	0.0	2.5	1.0
0.7000000000000001	87.5	0.0	2.5	1.0
0.7000000000000001	90.0	0.0	-2.5	1.0
0.7000000000000001	92.5	0.0	-2.5	1.0
0.7000000000000001	95.0	0.0	-2.5	1.0
0.7000000000000001	97.5	0.0	-2.5	1.0
0.7000000000000001	100.0	0.0	-2.5	1.0
0.7250000000000001	0.0	0.0	-2.5	1.0
0.7250000000000001	2.5	0.0	2.5	1.0
0.7250000000000001	5.0	0.0	2.5	0.8
0.7250000000000001	7.5	0.0	2.5	1.0
0.7250000000000001	10.0	0.0	2.5	0.98
0.7250000000000001	12.5	0.0	2.5	1.0
0.7250000000000001	15.0	0.0	2.5	1.0
0.7250000000000001	17.5	0.0	2.5	1.0
0.7250000000000001	20.0	0.0	2.5	1.0
0.7250000000000001	22.5	0.0	2.5	1.0
0.7250000000000001	25.0	0.0	2.5	1.0
0.7250000000000001	27.5	0.0	2.5	1.0
0.7250000000000001	30.0	0.0	2.5	1.0
0.7250000000000001	32.5	0.0	2.5	1.0
0.7250000000000001	35.0	0.0	2.5	1.0
0.7250000000000001	37.5	0.0	2.5	1.0
0.7250000000000001	40.0	0.0	2.5	1.0
0.7250000000000001	42.5	0.0	2.5	1.0
0.7250000000000001	45.0	0.0	2.5	1.0
0.7250000000000001	47.5	0.0	2.5	1.0
0.7250000000000001	50.0	0.0	2.5	1.0
0.7250000000000001	52.5	0.0	2.5	1.0
0.7250000000000001	55.0	0.0	2.5	1.0
0.7250000000000001	57.5	0.0	2.5	1.0
0.7250000000000001	60.0	0.0	2.5	1.0
0.7250000000000001	62.5	0.0	2.5	1.0
0.7250000000000001	65.0	0.0	2.5	1.0
0.7250000000000001	67.5	0.0	2.5	1.0
0.7250000000000001	70.0	0.0	2.5	1.0
0.7250000000000001	72.5	0.0	2.5	1.0
0.7250000000000001	75.0	0.0	2.5	1.0
0.7250000000000001	77.5	0.0	2.5	1.0
0.7250000000000001	80.0	0.0	2.5	1.0
0.7250000000000001	82.5	0.0	2.5	1.0
0.7250000000000001	85.0	0.0	2.5	1.0
0.7250000000000001	87.5	0.0	2.5	1.0
0.7250000000000001	90.0	0.0	-2.5	1.0
0.7250000000000001	92.5	0.0	-2.5	1.0
0.7250000000000001	95.0	0.0	-2.5	1.0
0.7250000000000001	97.5	0.0	-2.5	1.0
0.7250000000000001	100.0	0.0	-2.5	1.0
0.75	0.0	0.0	-2.5	1.0
0.75	2.5	0.0	2.5	1.0
0.75	5.0	0.0	2.5	0.8600000000000001
0.75	7.5	0.0	2.5	1.0
0.75	10.0	0.0	2.5	0.98
0.75	12.5	0.0	2.5	1.0
0.75	15.0	0.0	2.5	1.0
0.75	17.5	0.0	2.5	1.0
0.75	20.0	0.0	2.5	1.0
0.75	22.5	0.0	2.5	1.0
0.75	25.0	0.0	2.5	1.0
0.75	27.5	0.0	2.5	1.0
0.75	30.0	0.0	2.5	1.0
0.75	32.5	0.0	2.5	1.0
0.75	35.0	0.0	2.5	1.0
0.75	37.5	0.0	2.5	1.0
0.75	40.0	0.0	2.5	1.0
0.75	42.5	0.0	2.5	1.0
0.75	45.0	0.0	2.5	1.0
0.75	47.5	0.0	2.5	1.0
0.75	50.0	0.0	2.5	1.0
0.75	52.5	0.0	2.5	1.0
0.75	55.0	0.0	2.5	1.0
0.75	57.5	0.0	2.5	1.0
0.75	60.0	0.0	2.5	1.0
0.75	62.5	0.0	2.5	1.0
0.75	65.0	0.0	2.5	1.0
0.75	67.5	0.0	2.5	1.0
0.75	70.0	0.0	2.5	1.0
0.75	72.5	0.0	2.5	1.0
0.75	75.0	0.0	2.5	1.0
0.75	77.5	0.0	2.5	1.0
0.75	80.0	0.0	2.5	1.0
0.75	82.5	0.0	2.5	1.0
0.75	85.0	0.0	2.5	1.0
0.75	87.5	0.0	2.5	1.0
0.75	90.0	0.0	-2.5	1.0
0.75	92.5	0.0	-2.5	1.0
0.75	95.0	0.0	-2.5	1.0
0.75	97.5	0.0	-2.5	1.0
0.75	100.0	0.0	-2.5	1.0
0.775	0.0	0.0	-2.5	1.0
0.775	2.5	0.0	2.5	1.0
0.775	5.0	0.0	2.5	0.76
0.775	7.5	0.0	2.5	1.0
0.775	10.0	0.0	2.5	1.0
0.775	12.5	0.0	2.5	1.0
0.775	15.0	0.0	2.5	1.0
0.775	17.5	0.0	2.5	1.0
0.775	20.0	0.0	2.5	1.0
0.775	22.5	0.0	2.5	1.0
0.775	25.0	0.0	2.5	1.0
0.775	27.5	0.0	2.5	1.0
0.775	30.0	0.0	2.5	1.0
0.775	32.5	0.0	2.5	1.0
0.775	35.0	0.0	2.5	1.0
0.775	37.5	0.0	2.5	1.0
0.775	40.0	0.0	2.5	1.0
0.775	42.5	0.0	2.5	1.0
0.775	45.0	0.0	2.5	1.0
0.775	47.5	0.0	2.5	1.0
0.775	50.0	0.0	2.5	1.0
0.775	52.5	0.0	2.5	1.0
0.775	55.0	0.0	2.5	1.0
0.775	57.5	0.0	2.5	1.0
0.775	60.0	0.0	2.5	1.0
0.775	62.5	0.0	2.5	1.0
0.775	65.0	0.0	2.5	1.0
0.775	67.5	0.0	2.5	1.0
0.775	70.0	0.0	2.5	1.0
0.775	72.5	0.0	2.5	1.0
0.775	75.0	0.0	2.5	1.0
0.775	77.5	0.0	2.5	1.0
0.775	80.0	0.0	2.5	1.0
0.775	82.5	0.0	2.5	1.0
0.775	85.0	0.0	2.5	1.0
0.775	87.5	0.0	2.5	1.0
0.775	90.0	0.0	-2.5	1.0
0.775	92.5	0.0	-2.5	1.0
0.775	95.0	0.0	-2.5	1.0
0.775	97.5	0.0	-2.5	1.0
0.775	100.0	0.0	-2.5	1.0
0.8	0.0	0.0	-2.5	1.0
0.8	2.5	0.0	2.5	1.0
0.8	5.0	0.0	2.5	0.8600000000000001
0.8	7.5	0.0	2.5	1.0
0.8	10.0	0.0	2.5	1.0
0.8	12.5	0.0	2.5	1.0
0.8	15.0	0.0	2.5	1.0
0.8	17.5	0.0	2.5	1.0
0.8	20.0	0.0	2.5	1.0
0.8	22.5	0.0	2.5	1.0
0.8	25.0	0.0	2.5	1.0
0.8	27.5	0.0	2.5	1.0
0.8	30.0	0.0	2.5	1.0
0.8	32.5	0.0	2.5	1.0
0.8	35.0	0.0	2.5	1.0
0.8	37.5	0.0	2.5	1.0
0.8	40.0	0.0	2.5	1.0
0.8	42.5	0.0	2.5	1.0
0.8	45.0	0.0	2.5	1.0
0.8	47.5	0.0	2.5	1.0
0.8	50.0	0.0	2.5	1.0
0.8	52.5	0.0	2.5	1.0
0.8	55.0	0.0	2.5	1.0
0.8	57.5	0.0	2.5	1.0
0.8	60.0	0.0	2.5	1.0
0.8	62.5	0.0	2.5	1.0
0.8	65.0	0.0	2.5	1.0
0.8	67.5	0.0	2.5	1.0
0.8	70.0	0.0	2.5	1.0
0.8	72.5	0.0	2.5	1.0
0.8	75.0	0.0	2.5	1.0
0.8	77.5	0.0	2.5	1.0
0.8	80.0	0.0	2.5	1.0
0.8	82.5	0.0	2.5	1.0
0.8	85.0	0.0	2.5	1.0
0.8	87.5	0.0	2.5	1.0
0.8	90.0	0.0	0.0	1.0
0.8	92.5	0.0	-2.5	1.0
0.8	95.0	0.0	-2.5	1.0
0.8	97.5	0.0	-2.5	1.0
0.8	100.0	0.0	-2.5	1.0
0.8250000000000001	0.0	0.0	-2.5	1.0
0.8250000000000001	2.5	0.0	2.5	1.0
0.8250000000000001	5.0	0.0	2.5	0.8600000000000001
0.8250000000000001	7.5	0.0	2.5	1.0
0.8250000000000001	10.0	0.0	2.5	1.0
0.8250000000000001	12.5	0.0	2.5	1.0
0.8250000000000001	15.0	0.0	2.5	1.0
0.8250000000000001	17.5	0.0	2.5	1.0
0.8250000000000001	20.0	0.0	2.5	1.0
0.8250000000000001	22.5	0.0	2.5	1.0
0.8250000000000001	25.0	0.0	2.5	1.0
0.8250000000000001	27.5	0.0	2.5	1.0
0.8250000000000001	30.0	0.0	2.5	1.0
0.8250000000000001	32.5	0.0	2.5	1.0
0.8250000000000001	35.0	0.0	2.5	1.0
0.8250000000000001	37.5	0.0	2.5	1.0
0.8250000000000001	40.0	0.0	2.5	1.0
0.8250000000000001	42.5	0.0	2.5	1.0
0.8250000000000001	45.0	0.0	2.5	1.0
0.8250000000000001	47.5	0.0	2.5	1.0
0.8250000000000001	50.0	0.0	2.5	1.0
0.8250000000000001	52.5	0.0	2.5	1.0
0.8250000000000001	55.0	0.0	2.5	1.0
0.8250000000000001	57.5	0.0	2.5	1.0
0.8250000000000001	60.0	0.0	2.5	1.0
0.8250000000000001	62.5	0.0	2.5	1.0
0.8250000000000001	65.0	0.0	2.5	1.0
0.8250000000000001	67.5	0.0	2.5	1.0
0.8250000000000001	70.0	0.0	2.5	1.0
0.8250000000000001	72.5	0.0	2.5	1.0
0.8250000000000001	75.0	0.0	2.5	1.0
0.8250000000000001	77.5	0.0	2.5	1.0
0.8250000000000001	80.0	0.0	2.5	1.0
0.8250000000000001	82.5	0.0	2.5	1.0
0.8250000000000001	85.0	0.0	2.5	1.0
0.8250000000000001	87.5	0.0	2.5	1.0
0.8250000000000001	90.0	0.0	0.0	1.0
0.8250000000000001	92.5	0.0	-2.5	1.0
0.8250000000000001	95.0	0.0	-2.5	1.0
0.8250000000000001	97.5	0.0	-2.5	1.0
0.8250000000000001	100.0	0.0	-2.5	1.0
0.8500000000000001	0.0	0.0	-2.5	1.0
0.8500000000000001	2.5	0.0	2.5	1.0
0.8500000000000001	5.0	0.0	2.5	0.8799999999999999
0.8500000000000001	7.5	0.0	2.5	1.0
0.8500000000000001	10.0	0.0	2.5	1.0
0.8500000000000001	12.5	0.0	2.5	1.0
0.8500000000000001	15.0	0.0	2.5	1.0
0.8500000000000001	17.5	0.0	2.5	1.0
0.8500000000000001	20.0	0.0	2.5	1.0
0.8500000000000001	22.5	0.0	2.5	1.0
0.8500000000000001	25.0	0.0	2.5	1.0
0.8500000000000001	27.5	0.0	2.5	1.0
0.8500000000000001	30.0	0.0	2.5	1.0
0.8500000000000001	32.5	0.0	2.5	1.0
0.8500000000000001	35.0	0.0	2.5	1.0
0.8500000000000001	37.5	0.0	2.5	1.0
0.8500000000000001	40.0	0.0	2.5	1.0
0.8500000000000001	42.5	0.0	2.5	1.0
0.8500000000000001	45.0	0.0	2.5	1.0
0.8500000000000001	47.5	0.0	2.5	1.0
0.8500000000000001	50.0	0.0	2.5	1.0
0.8500000000000001	52.5	0.0	2.5	1.0
0.8500000000000001	55.0	0.0	2.5	1.0
0.8500000000000001	57.5	0.0	2.5	1.0
0.8500000000000001	60.0	0.0	2.5	1.0
0.8500000000000001	62.5	0.0	2.5	1.0
0.8500000000000001	65.0	0.0	2.5	1.0
0.8500000000000001	67.5	0.0	2.5	1.0
0.8500000000000001	70.0	0.0	2.5	1.0
0.8500000000000001	72.5	0.0	2.5	1.0
0.8500000000000001	75.0	0.0	2.5	1.0
0.8500000000000001	77.5	0.0	2.5	1.0
0.8500000000000001	80.0	0.0	2.5	1.0
0.8500000000000001	82.5	0.0	2.5	1.0
0.8500000000000001	85.0	0.0	2.5	1.0
0.8500000000000001	87.5	0.0	2.5	1.0
0.8500000000000001	90.0	0.0	0.0	1.0
0.8500000000000001	92.5	0.0	-2.5	1.0
0.8500000000000001	95.0	0.0	-2.5	1.0
0.8500000000000001	97.5	0.0	-2.5	1.0
0.8500000000000001	100.0	0.0	-2.5	1.0
0.875	0.0	0.0	-2.5	1.0
0.875	2.5	0.0	2.5	1.0
0.875	5.0	0.0	2.5	0.8799999999999999
0.875	7.5	0.0	2.5	1.0
0.875	10.0	0.0	2.5	1.0
0.875	12.5	0.0	2.5	1.0
0.875	15.0	0.0	2.5	1.0
0.875	17.5	0.0	2.5	1.0
0.875	20.0	0.0	2.5	1.0
0.875	22.5	0.0	2.5	1.0
0.875	25.0	0.0	2.5	1.0
0.875	27.5	0.0	2.5	1.0
0.875	30.0	0.0	2.5	1.0
0.875	32.5	0.0	2.5	1.0
0.875	35.0	0.0	2.5	1.0
0.875	37.5	0.0	2.5	1.0
0.875	40.0	0.0	2.5	1.0
0.875	42.5	0.0	2.5	1.0
0.875	45.0	0.0	2.5	1.0
0.875	47.5	0.0	2.5	1.0
0.875	50.0	0.0	2.5	1.0
0.875	52.5	0.0	2.5	1.0
0.875	55.0	0.0	2.5	1.0
0.875	57.5	0.0	2.5	1.0
0.875	60.0	0.0	2.5	1.0
0.875	62.5	0.0	2.5	1.0
0.875	65.0	0.0	2.5	1.0
0.875	67.5	0.0	2.5	1.0
0.875	70.0	0.0	2.5	1.0
0.875	72.5	0.0	2.5	1.0
0.875	75.0	0.0	2.5	1.0
0.875	77.5	0.0	2.5	1.0
0.875	80.0	0.0	2.5	1.0
0.875	82.5	0.0	2.5	1.0
0.875	85.0	0.0	2.5	1.0
0.875	87.5	0.0	2.5	1.0
0.875	90.0	0.0	2.5	1.0
0.875	92.5	0.0	-2.5	1.0
0.875	95.0	0.0	-2.5	1.0
0.875	97.5	0.0	-2.5	1.0
0.875	100.0	0.0	-2.5	1.0
0.9	0.0	0.0	-2.5	1.0
0.9	2.5	0.0	2.5	1.0
0.9	5.0	0.0	2.5	0.8600000000000001
0.9	7.5	0.0	2.5	1.0
0.9	10.0	0.0	2.5	1.0
0.9	12.5	0.0	2.5	1.0
0.9	15.0	0.0	2.5	1.0
0.9	17.5	0.0	2.5	1.0
0.9	20.0	0.0	2.5	1.0
0.9	22.5	0.0	2.5	1.0
0.9	25.0	0.0	2.5	1.0
0.9	27.5	0.0	2.5	1.0
0.9	30.0	0.0	2.5	1.0
0.9	32.5	0.0	2.5	1.0
0.9	35.0	0.0	2.5	1.0
0.9	37.5	0.0	2.5	1.0
0.9	40.0	0.0	2.5	1.0
0.9	42.5	0.0	2.5	1.0
0.9	45.0	0.0	2.5	1.0
0.9	47.5	0.0	2.5	1.0
0.9	50.0	0.0	2.5	1.0
0.9	52.5	0.0	2.5	1.0
0.9	55.0	0.0	2.5	1.0
0.9	57.5	0.0	2.5	1.0
0.9	60.0	0.0	2.5	1.0
0.9	62.5	0.0	2.5	1.0
0.9	65.0	0.0	2.5	1.0
0.9	67.5	0.0	2.5	1.0
0.9	70.0	0.0	2.5	1.0
0.9	72.5	0.0	2.5	1.0
0.9	75.0	0.0	2.5	1.0
0.9	77.5	0.0	2.5	1.0
0.9	80.0	0.0	2.5	1.0
0.9	82.5	0.0	2.5	1.0
0.9	85.0	0.0	2.5	1.0
0.9	87.5	0.0	2.5	1.0
0.9	90.0	0.0	2.5	1.0
0.9	92.5	0.0	-2.5	1.0
0.9	95.0	0.0	-2.5	1.0
0.9	97.5	0.0	-2.5	1.0
0.9	100.0	0.0	-2.5	1.0
0.925	0.0	0.0	-2.5	1.0
0.925	2.5	0.0	2.5	1.0
0.925	5.0	0.0	2.5	0.96
0.925	7.5	0.0	2.5	1.0
0.925	10.0	0.0	2.5	1.0
0.925	12.5	0.0	2.5	1.0
0.925	15.0	0.0	2.5	1.0
0.925	17.5	0.0	2.5	1.0
0.925	20.0	0.0	2.5	1.0
0.925	22.5	0.0	2.5	1.0
0.925	25.0	0.0	2.5	1.0
0.925	27.5	0.0	2.5	1.0
0.925	30.0	0.0	2.5	1.0
0.925	32.5	0.0	2.5	1.0
0.925	35.0	0.0	2.5	1.0
0.925	37.5	0.0	2.5	1.0
0.925	40.0	0.0	2.5	1.0
0.925	42.5	0.0	2.5	1.0
0.925	45.0	0.0	2.5	1.0
0.925	47.5	0.0	2.5	1.0
0.925	50.0	0.0	2.5	1.0
0.925	52.5	0.0	2.5	1.0
0.925	55.0	0.0	2.5	1.0
0.925	57.5	0.0	2.5	1.0
0.925	60.0	0.0	2.5	1.0
0.925	62.5	0.0	2.5	1.0
0.925	65.0	0.0	2.5	1.0
0.925	67.5	0.0	2.5	1.0
0.925	70.0	0.0	2.5	1.0
0.925	72.5	0.0	2.5	1.0
0.925	75.0	0.0	2.5	1.0
0.925	77.5	0.0	2.5	1.0
0.925	80.0	0.0	2.5	1.0
0.925	82.5	0.0	2.5	1.0
0.925	85.0	0.0	2.5	1.0
0.925	87.5	0.0	2.5	1.0
0.925	90.0	0.0	2.5	1.0
0.925	92.5	0.0	-2.5	1.0
0.925	95.0	0.0	-2.5	1.0
0.925	97.5	0.0	-2.5	1.0
0.925	100.0	0.0	-2.5	1.0
0.9500000000000001	0.0	0.0	-2.5	1.0
0.9500000000000001	2.5	0.0	2.5	1.0
0.9500000000000001	5.0	0.0	2.5	0.94
0.9500000000000001	7.5	0.0	2.5	1.0
0.9500000000000001	10.0	0.0	2.5	1.0
0.9500000000000001	12.5	0.0	2.5	1.0
0.9500000000000001	15.0	0.0	2.5	1.0
0.9500000000000001	17.5	0.0	2.5	1.0
0.9500000000000001	20.0	0.0	2.5	1.0
0.9500000000000001	22.5	0.0	2.5	1.0
0.9500000000000001	25.0	0.0	2.5	1.0
0.9500000000000001	27.5	0.0	2.5	1.0
0.9500000000000001	30.0	0.0	2.5	1.0
0.9500000000000001	32.5	0.0	2.5	1.0
0.9500000000000001	35.0	0.0	2.5	1.0
0.9500000000000001	37.5	0.0	2.5	1.0
0.9500000000000001	40.0	0.0	2.5	1.0
0.9500000000000001	42.5	0.0	2.5	1.0
0.9500000000000001	45.0	0.0	2.5	1.0
0.9500000000000001	47.5	0.0	2.5	1.0
0.9500000000000001	50.0	0.0	2.5	1.0
0.9500000000000001	52.5	0.0	2.5	1.0
0.9500000000000001	55.0	0.0	2.5	1.0
0.9500000000000001	57.5	0.0	2.5	1.0
0.9500000000000001	60.0	0.0	2.5	1.0
0.9500000000000001	62.5	0.0	2.5	1.0
0.9500000000000001	65.0	0.0	2.5	1.0
0.9500000000000001	67.5	0.0	2.5	1.0
0.9500000000000001	70.0	0.0	2.5	1.0
0.9500000000000001	72.5	0.0	2.5	1.0
0.9500000000000001	75.0	0.0	2.5	1.0
0.9500000000000001	77.5	0.0	2.5	1.0
0.9500000000000001	80.0	0.0	2.5	1.0
0.9500000000000001	82.5	0.0	2.5	1.0
0.9500000000000001	85.0	0.0	2.5	1.0
0.9500000000000001	87.5	0.0	2.5	1.0
0.9500000000000001	90.0	0.0	2.5	1.0
0.9500000000000001	92.5	0.0	-2.5	1.0
0.9500000000000001	95.0	0.0	-2.5	1.0
0.9500000000000001	97.5	0.0	-2.5	1.0
0.9500000000000001	100.0	0.0	-2.5	1.0
0.9750000000000001	0.0	0.0	-2.5	1.0
0.9750000000000001	2.5	0.0	2.5	1.0
0.9750000000000001	5.0	0.0	2.5	0.94
0.9750000000000001	7.5	0.0	2.5	1.0
0.9750000000000001	10.0	0.0	2.5	1.0
0.9750000000000001	12.5	0.0	2.5	1.0
0.9750000000000001	15.0	0.0	2.5	1.0
0.9750000000000001	17.5	0.0	2.5	1.0
0.9750000000000001	20.0	0.0	2.5	1.0
0.9750000000000001	22.5	0.0	2.5	1.0
0.9750000000000001	25.0	0.0	2.5	1.0
0.9750000000000001	27.5	0.0	2.5	1.0
0.9750000000000001	30.0	0.0	2.5	1.0
0.9750000000000001	32.5	0.0	2.5	1.0
0.9750000000000001	35.0	0.0	2.5	1.0
0.9750000000000001	37.5	0.0	2.5	1.0
0.9750000000000001	40.0	0.0	2.5	1.0
0.9750000000000001	42.5	0.0	2.5	1.0
0.9750000000000001	45.0	0.0	2.5	1.0
0.9750000000000001	47.5	0.0	2.5	1.0
0.9750000000000001	50.0	0.0	2.5	1.0
0.9750000000000001	52.5	0.0	2.5	1.0
0.9750000000000001	55.0	0.0	2.5	1.0
0.9750000000000001	57.5	0.0	2.5	1.0
0.9750000000000001	60.0	0.0	2.5	1.0
0.9750000000000001	62.5	0.0	2.5	1.0
0.9750000000000001	65.0	0.0	2.5	1.0
0.9750000000000001	67.5	0.0	2.5	1.0
0.9750000000000001	70.0	0.0	2.5	1.0
0.9750000000000001	72.5	0.0	2.5	1.0
0.9750000000000001	75.0	0.0	2.5	1.0
0.9750000000000001	77.5	0.0	2.5	1.0
0.9750000000000001	80.0	0.0	2.5	1.0
0.9750000000000001	82.5	0.0	2.5	1.0
0.9750000000000001	85.0	0.0	2.5	1.0
0.9750000000000001	87.5	0.0	2.5	1.0
0.9750000000000001	90.0	0.0	2.5	1.0
0.9750000000000001	92.5	0.0	-2.5	1.0
0.9750000000000001	95.0	0.0	-2.5	1.0
0.9750000000000001	97.5	0.0	-2.5	1.0
0.9750000000000001	100.0	0.0	-2.5	1.0
1.0	0.0	0.0	-2.5	1.0
1.0	2.5	0.0	2.5	1.0
1.0	5.0	0.0	2.5	0.98
1.0	7.5	0.0	2.5	1.0
1.0	10.0	0.0	2.5	1.0
1.0	12.5	0.0	2.5	1.0
1.0	15.0	0.0	2.5	1.0
1.0	17.5	0.0	2.5	1.0
1.0	20.0	0.0	2.5	1.0
1.0	22.5	0.0	2.5	1.0
1.0	25.0	0.0	2.5	1.0
1.0	27.5	0.0	2.5	1.0
1.0	30.0	0.0	2.5	1.0
1.0	32.5	0.0	2.5	1.0
1.0	35.0	0.0	2.5	1.0
1.0	37.5	0.0	2.5	1.0
1.0	40.0	0.0	2.5	1.0
1.0	42.5	0.0	2.5	1.0
1.0	45.0	0.0	2.5	1.0
1.0	47.5	0.0	2.5	1.0
1.0	50.0	0.0	2.5	1.0
1.0	52.5	0.0	2.5	1.0
1.0	55.0	0.0	2.5	1.0
1.0	57.5	0.0	2.5	1.0
1.0	60.0	0.0	2.5	1.0
1.0	62.5	0.0	2.5	1.0
1.0	65.0	0.0	2.5	1.0
1.0	67.5	0.0	2.5	1.0
1.0	70.0	0.0	2.5	1.0
1.0	72.5	0.0	2.5	1.0
1.0	75.0	0.0	2.5	1.0
1.0	77.5	0.0	2.5	1.0
1.0	80.0	0.0	2.5	1.0
1.0	82.5	0.0	2.5	1.0
1.0	85.0	0.0	2.5	1.0
1.0	87.5	0.0	2.5	1.0
1.0	90.0	0.0	2.5	1.0
1.0	92.5	0.0	-2.5	1.0
1.0	95.0	0.0	-2.5	1.0
1.0	97.5	0.0	-2.5	1.0
1.0	100.0	0.0	-2.5	1.0
